Instance bar-n100-1.txt
    Primeira solucao
        Caminhoes utilizados: 15
        0 46 6 56 96 0
        0 18 36 68 86 0 
        0 4 25 75 54 0
        0 3 23 53 73 0
        0 45 11 95 61 37 87 1 51 0 
        0 40 8 90 28 58 78 50 100 0
        0 24 22 74 43 72 12 93 62 0 
        0 19 44 49 99 94 69 9 59 0
        0 20 70 16 66 27 77 7 57 0
        0 42 29 92 79 10 34 84 60 0
        0 48 98 32 82 41 35 85 91 0 
        0 39 89 5 55 0 
        0 33 2 52 17 15 67 13 65 83 63 38 88 0 
        0 47 97 21 31 71 30 80 81 0 
        0 26 14 64 76 0
    --------------------------------------------------------
    Melhor solucao
        Caminhoes utilizados: 13
        0 14 64 27 77 9 59 46 96 0
        0 33 5 55 83 8 45 95 58 0 
        0 26 76 20 49 99 70 6 56 0 
        0 38 88 39 89 50 100 37 87 0 
        0 21 71 19 69 34 84 36 86 0 
        0 17 35 67 85 40 11 61 90 0 
        0 30 80 10 60 44 94 18 68 0
        0 15 65 32 82 28 78 1 51 0 
        0 31 81 29 22 79 72 4 54 0 
        0 13 63 41 43 91 93 3 53 0
        0 47 97 42 92 24 74 25 75 0 
        0 2 52 48 12 98 62 23 73 0
        0 16 7 57 66 0 

Instance bar-n100-2.txt
    Primeira solucao
        Caminhoes utilizados: 19
        0 38 7 88 57 0
        0 2 52 14 64 0 
        0 49 46 96 4 99 41 91 54 0 
        0 10 35 60 85 0
        0 11 61 25 75 0
        0 50 23 100 73 8 58 21 71 0 
        0 5 44 55 47 94 3 53 97 0
        0 28 1 78 51 0 
        0 16 48 66 98 0
        0 45 9 59 33 83 95 6 56 0 
        0 17 67 19 69 36 86 31 81 0
        0 18 30 68 80 0 
        0 29 37 79 87 0
        0 27 43 77 93 0 
        0 20 15 70 65 0
        0 40 90 26 76 0
        0 12 24 62 74 0
        0 39 89 22 32 13 82 63 72 0 
        0 42 34 92 84 0
    --------------------------------------------------------
    Melhor solucao
        Caminhoes utilizados: 7
        0 27 77 42 15 92 65 45 95 16 66 8 25 75 58 7 57 0 
        0 12 13 62 63 30 5 80 17 67 47 55 97 4 54 46 96 0 
        0 20 34 70 43 84 93 9 59 48 98 21 11 61 71 38 88 0 
        0 24 22 74 72 18 68 19 69 44 3 94 49 99 41 91 53 0 
        0 40 32 29 82 90 79 23 36 86 28 78 10 73 60 14 64 0 
        0 39 37 89 26 87 76 50 31 81 1 51 100 35 85 2 52 0 
        0 33 6 83 56 0

Instance bar-n200-1.txt
    Primeira solucao
        Caminhoes utilizados: 71
        0 41 141 0
        0 83 183 0
        0 18 118 0
        0 80 180 0 
        0 35 135 0
        0 31 131 0 
        0 58 9 158 109 0 
        0 85 185 0
        0 91 191 0
        0 72 70 172 170 0 
        0 40 140 0
        0 36 136 0 
        0 64 11 164 111 0
        0 89 189 0 
        0 5 105 0
        0 33 73 133 173 0 
        0 30 130 20 120 0 
        0 87 187 0
        0 90 190 0
        0 38 138 0
        0 16 116 0
        0 93 193 0
        0 92 88 192 188 0
        0 84 56 184 156 0 
        0 67 167 0 
        0 13 3 103 113 0
        0 97 197 0
        0 100 200 0
        0 8 32 108 132 0 
        0 68 168 0
        0 45 74 145 174 0 
        0 1 101 0
        0 47 147 0
        0 77 177 0 
        0 48 148 0
        0 22 43 122 143 0 
        0 98 28 198 128 0 
        0 86 186 14 114 0
        0 99 199 0
        0 66 166 0
        0 76 176 0
        0 94 194 0 
        0 62 162 0
        0 60 160 0
        0 34 26 134 126 0 
        0 27 127 0
        0 24 7 107 124 0 
        0 19 50 119 150 0 
        0 44 49 149 144 0
        0 96 196 0
        0 75 175 0 
        0 52 152 0
        0 63 6 163 106 0
        0 69 4 104 169 0 
        0 25 39 139 125 0
        0 55 155 0
        0 59 15 115 159 0
        0 57 157 0
        0 82 182 0
        0 2 102 0
        0 12 112 0 
        0 37 21 121 137 0 
        0 23 123 0
        0 29 129 0
        0 79 179 0
        0 53 65 165 153 0 
        0 54 154 0
        0 78 51 151 178 0 
        0 46 42 142 146 0 
        0 61 95 195 161 0
        0 81 10 181 110 17 117 71 171 0 
    --------------------------------------------------------
    Melhor solucao
        Caminhoes utilizados: 43
        0 81 181 99 199 41 141 0
        0 4 104 88 188 0
        0 10 110 28 128 83 183 0 
        0 69 169 92 192 0
        0 17 117 66 166 18 118 0
        0 6 106 84 184 0
        0 71 171 98 198 80 180 0 
        0 39 139 93 193 0
        0 61 161 76 176 35 135 0 
        0 63 163 56 156 0
        0 95 195 43 143 31 131 0
        0 25 125 16 116 0
        0 46 146 94 194 58 158 0 
        0 52 152 67 167 0
        0 42 142 22 122 9 109 0 
        0 55 155 38 138 0
        0 78 178 62 162 85 185 0 
        0 75 13 175 113 0
        0 51 151 48 148 91 191 0
        0 15 115 90 190 0 
        0 54 154 72 172 0
        0 96 196 3 103 0 
        0 60 160 77 177 0
        0 59 159 87 187 0 
        0 53 153 70 170 0 
        0 44 144 97 197 0
        0 34 134 47 147 0 
        0 57 157 20 120 0
        0 65 165 26 126 40 140 0 
        0 82 182 30 100 200 130 0
        0 79 179 1 101 36 136 0 
        0 2 102 49 149 73 173 0 
        0 29 129 64 164 0 
        0 8 50 150 108 0
        0 27 127 74 174 0 
        0 12 33 112 133 0
        0 23 123 11 111 0
        0 19 119 32 132 0
        0 7 107 45 145 0 
        0 21 121 5 105 0
        0 37 137 89 189 0 
        0 24 124 68 168 0
        0 86 186 14 114 0

Instance bar-n200-2.txt
    Primeira solucao
        Caminhoes utilizados: 54
        0 18 118 0
        0 85 185 0
        0 75 175 0
        0 70 170 0
        0 1 101 0 
        0 68 168 0
        0 57 157 0
        0 2 102 0 
        0 89 100 200 189 0
        0 48 148 25 125 0
        0 23 123 13 113 0 
        0 96 196 44 144 0
        0 7 99 199 107 0 
        0 40 140 83 183 0
        0 87 187 30 130 0
        0 67 167 79 179 0 
        0 38 138 34 134 0
        0 33 133 16 116 0 
        0 54 97 197 154 0
        0 73 173 29 129 0
        0 91 191 42 142 0 
        0 66 22 122 166 0
        0 19 119 81 181 0 
        0 94 194 93 193 0
        0 8 36 136 108 0
        0 27 127 78 178 0 
        0 26 86 186 126 0
        0 55 52 152 155 0
        0 41 141 84 184 0
        0 21 121 88 188 0
        0 80 180 69 169 0 
        0 53 153 20 120 0
        0 71 171 47 147 0
        0 64 35 135 164 0
        0 63 163 51 151 0
        0 82 182 32 132 0 
        0 11 111 59 159 0
        0 3 103 56 156 0 
        0 72 172 0
        0 5 105 0
        0 50 150 76 176 0
        0 15 49 149 115 0 
        0 90 190 74 174 77 177 4 104 0
        0 37 137 92 192 0
        0 61 161 9 109 0
        0 58 158 17 117 6 106 0
        0 98 198 62 162 0
        0 31 131 0
        0 28 128 39 139 0
        0 12 112 10 110 60 160 95 195 0
        0 46 146 0
        0 45 145 0
        0 65 165 14 114 0 
        0 24 124 43 143 0
    --------------------------------------------------------
    Melhor solucao
        Caminhoes utilizados: 49
        0 43 143 18 118 0
        0 90 190 34 134 0 
        0 84 88 188 184 0
        0 74 174 38 138 0
        0 24 124 85 185 0
        0 49 149 33 133 0
        0 80 180 52 152 0
        0 77 177 79 179 0
        0 14 114 69 169 75 175 0 
        0 15 115 16 116 0
        0 65 165 55 155 70 170 0
        0 4 104 67 167 0
        0 45 145 1 101 0 
        0 50 150 97 197 0
        0 20 120 86 186 0
        0 37 137 30 130 0
        0 46 146 68 168 0
        0 76 176 54 154 0
        0 53 153 26 126 0
        0 92 192 87 187 0
        0 95 195 57 157 0
        0 5 105 73 173 0 
        0 71 171 27 127 0
        0 61 161 40 140 0
        0 60 160 2 102 0 
        0 72 172 29 129 0
        0 47 147 78 178 0
        0 9 109 83 183 0
        0 10 110 100 200 0
        0 56 156 91 191 0 
        0 35 135 8 108 0
        0 58 158 99 199 0 
        0 12 112 89 189 0
        0 3 103 42 142 0
        0 64 164 36 136 0
        0 17 117 7 107 0 
        0 39 139 48 148 0
        0 11 111 22 122 0
        0 51 151 93 193 0
        0 6 106 96 196 0
        0 28 128 25 125 0
        0 59 159 66 166 0
        0 63 163 94 194 0 
        0 98 198 44 144 0
        0 31 131 23 123 0
        0 82 182 19 119 0
        0 32 132 81 181 0
        0 62 162 13 113 0 
        0 21 41 141 121 0

Instance bar-n200-3.txt
    Primeira solucao
        Caminhoes utilizados: 50
        0 31 48 148 131 0 
        0 97 197 0
        0 22 122 0 
        0 88 29 129 188 0
        0 43 52 152 143 0
        0 1 28 128 101 0
        0 89 75 175 189 0 
        0 58 99 199 158 0
        0 96 196 46 146 0
        0 13 85 113 185 0
        0 24 42 124 142 0 
        0 60 70 170 160 0
        0 87 23 123 187 0
        0 83 183 98 198 0
        0 76 79 179 176 0
        0 57 157 71 171 0
        0 80 38 138 180 0
        0 26 95 195 126 0
        0 67 50 150 167 0
        0 94 20 120 194 0
        0 37 54 154 137 0
        0 78 16 116 178 0 
        0 2 41 141 102 0
        0 74 63 163 174 0
        0 90 47 190 147 0
        0 40 140 0
        0 27 127 0
        0 72 3 172 103 0
        0 91 191 0 
        0 44 144 0
        0 92 45 192 145 0
        0 34 30 130 134 0
        0 7 82 182 107 0 
        0 4 39 104 139 0
        0 14 8 108 114 0
        0 77 17 117 177 0
        0 55 65 165 155 0
        0 59 64 159 164 0 
        0 56 69 169 156 0
        0 61 33 161 133 0
        0 21 19 119 121 0
        0 68 10 110 168 0
        0 100 66 166 200 0 
        0 62 15 162 115 0
        0 6 93 193 106 0
        0 11 9 109 111 0 
        0 35 32 132 135 49 84 184 149 0
        0 51 81 181 151 18 12 112 118 0 
        0 25 86 186 125 53 36 136 153 0
        0 5 73 173 105 0
    --------------------------------------------------------
    Melhor solucao
        Caminhoes utilizados: 16
        0 5 105 3 103 48 148 0
        0 32 132 49 149 8 14 114 108 94 20 194 120 58 99 199 158 0
        0 11 77 111 177 67 167 96 196 0 
        0 100 200 69 169 57 157 70 170 0
        0 84 184 39 139 72 27 172 127 54 154 89 189 0
        0 86 186 45 145 63 163 88 188 0 
        0 73 21 173 19 119 121 40 140 83 183 98 198 31 131 0
        0 51 62 162 151 64 164 30 130 2 102 38 138 42 142 52 152 0 
        0 9 35 109 135 17 4 117 104 37 50 137 150 46 146 75 175 0 
        0 66 166 53 56 153 156 92 192 74 174 71 60 171 160 29 129 0 
        0 25 125 91 47 191 147 97 197 0
        0 12 15 115 112 59 159 34 134 41 141 80 180 24 124 43 143 0 
        0 6 106 81 181 65 7 165 107 16 116 26 13 126 113 1 101 0
        0 36 68 61 168 161 136 44 90 144 190 76 23 176 123 22 122 0 
        0 10 33 110 133 87 79 187 179 0
        0 18 93 193 55 155 118 82 182 78 178 95 195 85 185 28 128 0

Instance bar-n200-4.txt
    Primeira solucao
        Caminhoes utilizados: 40
        0 55 155 88 188 0 
        0 78 178 47 147 0 
        0 58 53 153 158 0 
        0 45 145 100 200 0 
        0 33 133 2 102 0 
        0 7 67 167 107 0 
        0 46 70 170 146 0 
        0 59 159 81 181 0 
        0 9 34 134 109 0 
        0 64 164 3 103 0 
        0 43 143 57 23 28 123 128 157 0 
        0 31 131 60 51 160 151 74 174 0 
        0 17 117 44 36 144 136 63 163 0 
        0 62 162 97 197 0
        0 35 135 79 179 0 
        0 54 56 39 139 156 154 42 142 0 
        0 99 199 37 137 0
        0 18 90 190 118 0
        0 32 132 77 177 0
        0 75 175 4 104 0
        0 16 61 91 161 191 116 24 124 0
        0 49 149 48 148 0 
        0 30 65 76 176 165 130 95 195 0
        0 84 184 26 126 0
        0 1 101 80 180 0
        0 68 96 196 168 0 
        0 27 127 82 11 182 111 92 192 0
        0 89 189 41 141 0 
        0 6 106 25 125 0 
        0 10 21 121 110 0
        0 8 73 173 108 83 183 40 140 0
        0 20 120 93 193 0
        0 69 169 71 171 0 
        0 13 113 5 105 0
        0 52 152 72 172 0 
        0 86 94 194 186 87 187 12 112 0
        0 19 119 50 150 0 
        0 15 14 114 115 85 185 66 166 0
        0 29 129 98 198 0
        0 38 138 22 122 0
    --------------------------------------------------------
    Melhor solucao
        Caminhoes utilizados: 25
        0 38 138 91 16 116 191 88 188 0 
        0 83 183 21 121 51 23 123 151 0
        0 22 122 24 61 161 124 55 155 0
        0 10 110 73 173 31 57 157 131 0
        0 29 129 75 48 148 175 47 147 0
        0 6 106 93 193 63 28 128 163 0 
        0 98 198 4 49 149 104 78 178 0
        0 25 125 20 120 44 43 143 144 0
        0 14 114 32 76 176 132 58 158 0 
        0 89 189 71 171 36 64 164 136 0
        0 85 185 77 95 195 177 53 153 0 
        0 69 169 41 141 17 3 103 117 0
        0 30 130 66 166 90 190 100 200 0 
        0 27 127 5 105 97 34 134 197 0 
        0 15 115 18 65 165 118 45 145 0
        0 11 111 13 113 62 9 109 162 0
        0 19 119 26 126 99 199 2 102 0 
        0 72 172 82 182 79 59 159 179 0
        0 84 184 50 150 37 137 33 133 0 
        0 92 192 52 152 35 81 181 135 0 
        0 94 194 80 180 39 139 7 107 0
        0 86 186 96 196 56 156 70 170 0
        0 1 101 87 187 42 142 67 167 0
        0 68 168 12 112 54 46 146 154 0
        0 8 108 40 140 74 174 60 160 0

Instance bar-n400-1.txt
    Primeira solucao
        Caminhoes utilizados: 86
        0 95 198 295 398 0
        0 153 185 385 353 0
        0 57 190 390 257 0
        0 20 194 220 394 0 
        0 13 200 400 213 0
        0 66 46 246 266 0
        0 128 82 282 328 0 
        0 174 182 382 374 0
        0 125 127 325 327 0 
        0 77 51 251 277 0
        0 98 102 302 298 0
        0 193 149 393 349 0 
        0 49 41 241 249 0
        0 79 279 180 380 0
        0 17 99 299 217 0 
        0 35 45 235 245 0
        0 133 24 333 224 0 
        0 19 75 275 219 0 
        0 96 88 296 288 0
        0 92 177 377 292 0
        0 64 70 270 264 0 
        0 62 18 262 218 0
        0 183 166 383 366 0 
        0 117 94 294 317 0
        0 33 197 233 397 115 73 315 273 0 
        0 116 316 80 280 0
        0 56 122 322 256 0
        0 107 307 170 370 0 
        0 192 392 105 305 0
        0 74 189 274 389 0 
        0 111 142 26 311 71 271 226 342 0
        0 167 145 345 191 391 367 38 238 0
        0 121 23 223 321 32 140 232 340 0 
        0 110 147 347 310 0
        0 160 134 360 334 0
        0 150 350 103 303 0 
        0 83 187 283 387 0
        0 109 12 309 212 0 
        0 181 28 228 381 0
        0 10 137 337 210 0 
        0 176 104 304 376 0
        0 36 43 236 243 0 
        0 164 162 364 362 0
        0 139 148 339 348 0
        0 44 165 365 244 7 175 375 207 0 
        0 31 151 351 231 0 
        0 101 172 372 301 0
        0 5 4 204 11 211 205 63 263 0
        0 21 221 59 68 268 259 90 290 0
        0 53 72 253 272 0 
        0 141 22 222 341 0
        0 91 199 291 399 0
        0 136 97 297 336 0 
        0 1 157 357 201 0
        0 8 123 323 208 0
        0 16 132 216 332 0 
        0 156 39 239 356 0
        0 3 14 214 203 0
        0 188 138 338 388 0
        0 158 47 247 358 0
        0 85 154 285 354 0 
        0 100 196 396 300 0
        0 84 81 281 284 0 
        0 2 29 229 168 368 202 37 237 0
        0 89 65 265 289 0
        0 30 34 234 230 0 
        0 118 169 369 318 0
        0 146 155 355 346 0
        0 126 40 76 276 240 9 326 209 0 
        0 184 178 378 384 0
        0 93 52 131 331 252 106 293 306 0
        0 25 58 258 225 0 
        0 124 78 67 267 278 60 324 260 0
        0 48 55 255 248 0
        0 6 161 361 206 0
        0 86 119 319 286 0
        0 143 113 313 343 0 
        0 159 27 359 186 386 227 87 287 69 112 312 269 0
        0 42 242 50 250 0
        0 129 108 308 329 0 
        0 15 179 379 215 0
        0 144 54 254 344 0
        0 120 61 261 320 0 
        0 130 163 363 330 0
        0 173 373 135 335 171 371 0 
        0 195 152 395 352 114 314 0
    --------------------------------------------------------
    Melhor solucao
        Caminhoes utilizados: 57
        0 195 151 395 7 207 95 351 295 0 
        0 86 39 286 239 32 79 232 279 0
        0 169 369 146 73 346 273 115 315 0
        0 113 132 313 332 147 49 347 249 0 
        0 114 31 314 165 365 198 231 398 0
        0 156 356 119 121 319 180 321 380 0 
        0 30 230 40 117 240 317 116 316 0
        0 16 216 110 310 0 
        0 152 44 352 172 244 185 372 385 0
        0 14 214 6 23 206 99 223 299 0
        0 34 234 9 94 209 294 80 280 0
        0 143 343 41 241 0
        0 173 101 373 175 375 153 301 353 0 
        0 161 361 17 217 0
        0 89 289 122 322 0
        0 8 160 69 208 360 269 149 349 0 
        0 76 276 63 148 263 348 166 366 190 171 390 371 0 
        0 3 203 140 340 0
        0 135 4 335 139 339 57 204 257 0 
        0 123 323 134 334 0
        0 65 265 56 256 0
        0 48 248 35 235 0
        0 130 11 330 162 362 20 211 220 0
        0 27 227 193 393 0 
        0 126 326 183 383 0
        0 138 338 167 367 0
        0 163 164 363 5 364 194 205 394 0 
        0 1 201 103 303 112 98 312 298 0
        0 2 202 178 18 107 218 378 307 0
        0 188 388 55 191 255 45 391 245 0 
        0 120 90 320 43 243 200 290 400 0 
        0 157 357 150 350 159 102 359 302 0 
        0 184 168 384 368 170 370 62 262 0
        0 124 47 324 247 145 133 345 333 0
        0 61 68 261 36 236 13 268 213 0 
        0 136 336 83 283 87 77 287 277 0
        0 52 29 252 229 192 64 392 264 0 
        0 158 358 67 38 267 24 238 224 0
        0 21 221 176 376 144 46 344 246 0
        0 186 97 386 297 187 51 387 251 0
        0 37 237 106 70 306 270 105 305 0 
        0 85 285 60 142 260 75 342 275 0 
        0 54 59 254 104 304 66 259 266 0
        0 50 199 250 109 309 127 399 327 0 
        0 84 284 74 274 0
        0 78 154 278 354 71 19 271 219 0 
        0 15 53 215 253 10 82 210 282 0 
        0 91 291 12 212 0 
        0 131 331 92 292 0 
        0 25 225 42 96 242 125 296 325 0 
        0 179 72 379 272 137 337 128 328 0 
        0 196 396 111 311 0
        0 81 281 93 189 293 177 389 377 0
        0 108 141 308 28 228 174 341 374 0 
        0 129 22 329 181 381 182 222 382 0 
        0 100 300 26 58 226 88 258 288 0 
        0 118 318 155 197 33 397 355 233 0 

Instance bar-n3000-6.txt
    Primeira solucao
        Caminhoes utilizados: 704
        0 217 890 2390 1717 0
        0 107 1082 2582 1607 0
        0 1056 2556 1398 2898 0
        0 495 582 2082 1995 0
        0 79 1281 2781 1579 0
        0 1010 2510 680 2180 0
        0 219 1719 508 2008 0 
        0 85 746 2246 1585 0
        0 242 893 2393 1742 0
        0 58 1249 2749 1558 0
        0 456 1956 1003 2503 0
        0 1052 2552 80 1580 0
        0 240 953 2453 1740 0 
        0 510 348 1848 2010 0
        0 897 112 2397 1612 0
        0 1495 1265 2995 2765 0
        0 555 1332 2832 2055 0
        0 216 1198 2698 1716 0 
        0 331 313 1831 1813 0
        0 295 362 1795 1862 0
        0 1349 2849 1071 2571 0
        0 1212 956 2712 2456 0 
        0 564 1389 2889 2064 0
        0 210 1710 939 2439 0 
        0 1479 1065 2565 2979 0
        0 717 565 2065 2217 0
        0 561 925 2425 2061 0
        0 396 413 1913 1896 0 
        0 78 1578 138 1638 0
        0 785 2285 439 1939 0
        0 1157 2657 1101 2601 0 
        0 997 1012 2512 2497 0 
        0 1314 1469 2969 2814 0
        0 54 1554 354 1854 0
        0 629 373 2129 1873 0
        0 1456 907 2407 2956 0
        0 716 2216 657 2157 0 
        0 1154 951 2451 2654 0 
        0 649 1437 2149 2937 0
        0 1284 2784 120 1620 0
        0 203 539 2039 1703 0 
        0 1431 1125 2625 2931 0
        0 382 247 1882 1747 0
        0 758 2258 1017 2517 0 
        0 145 1217 253 2717 1753 1645 675 2175 0
        0 1365 1317 2865 2817 470 1970 1054 2554 0
        0 1279 2779 1228 2728 0 
        0 357 447 1947 1857 0
        0 1194 26 1526 2694 0
        0 1130 603 2103 2630 0 
        0 440 102 1602 1940 0
        0 1388 1401 2901 2888 0
        0 800 1306 2300 2806 0 
        0 809 1104 2604 2309 0 
        0 142 274 1774 1642 0
        0 963 2463 464 1964 0 
        0 485 310 1810 1985 0
        0 1298 2798 645 2145 0 
        0 834 522 2022 2334 0
        0 1207 1272 2772 2707 0 
        0 651 19 1519 2151 0
        0 574 2074 1085 2585 0 
        0 157 227 1727 1657 0 
        0 1042 2542 190 1690 0
        0 312 700 1812 2200 0
        0 1324 2824 831 2331 0 
        0 361 851 2351 1861 0
        0 109 1442 2942 1609 0 
        0 808 1318 2818 2308 0
        0 987 99 1599 2487 0
        0 511 2011 286 1786 0 
        0 749 315 1815 2249 0
        0 759 636 2259 2136 0
        0 268 1451 1768 2951 0
        0 1158 432 1932 2658 0
        0 334 1231 2731 1834 0 
        0 1063 2563 1043 2543 0
        0 934 2434 467 1967 0 
        0 1057 67 1567 2557 0 
        0 863 20 1520 2363 0
        0 129 260 1760 1629 0 
        0 278 1778 1210 2710 0
        0 1126 2626 1419 2919 0 
        0 426 1926 1422 2922 0
        0 1106 632 2132 2606 0
        0 924 105 1605 2424 0
        0 347 1847 172 1672 0
        0 1333 592 2092 2833 0 
        0 1334 1067 2567 2834 0
        0 1329 878 2378 2829 0 
        0 392 1892 913 2413 0
        0 673 403 1903 2173 0
        0 1002 2502 747 2247 0
        0 32 1197 2697 1532 0
        0 869 723 2223 2369 0 
        0 267 1767 321 1821 0
        0 378 1049 2549 1878 0
        0 453 1449 2949 1953 0 
        0 340 1840 5 1505 0
        0 1238 1278 2778 2738 0
        0 1488 2988 1072 2572 0 
        0 1199 595 2699 2095 0
        0 745 2245 909 2409 0
        0 1285 959 2459 2785 0 
        0 583 1375 2875 2083 0
        0 1079 1452 2952 2579 0
        0 37 1537 1202 2702 0
        0 237 681 2181 1737 0 
        0 239 1739 449 1949 0
        0 74 317 1817 1574 0
        0 1251 2751 167 1667 0
        0 697 2197 1418 2918 0
        0 291 1086 2586 1791 0 
        0 552 2052 1407 2907 0
        0 824 1404 2324 2904 0 
        0 1156 2656 468 1968 0
        0 46 572 1546 2072 0
        0 232 1732 402 1902 0
        0 198 958 2458 1698 0
        0 1110 821 2321 2610 0
        0 336 1836 177 1677 0
        0 701 2201 1283 2783 0 
        0 532 2032 231 1731 0
        0 931 1195 2695 2431 0
        0 1008 682 2182 2508 0
        0 25 1144 2644 1525 0
        0 989 786 2286 2489 0
        0 860 676 2176 2360 0
        0 168 527 2027 1668 0
        0 266 1303 2803 1766 0 
        0 550 414 1914 2050 0
        0 823 2323 542 2042 0 
        0 844 2344 118 1618 0
        0 1458 889 2389 2958 0 
        0 117 1441 2941 1617 0 
        0 1150 1145 2645 2650 0
        0 792 48 1548 2292 0
        0 182 42 1542 1682 0
        0 134 1634 1161 2661 0 
        0 404 1904 293 1793 0
        0 607 1381 2881 2107 0
        0 482 1384 2884 1982 0
        0 1033 904 2404 2533 0
        0 338 1245 2745 1838 0
        0 1353 8 1508 2853 0
        0 1346 429 1929 2846 0
        0 175 1675 56 1556 0 
        0 687 2187 342 1842 0
        0 136 862 1636 2362 0 
        0 448 103 1603 1948 0
        0 1047 1356 2547 2856 0
        0 774 1372 2872 2274 0
        0 53 920 2420 1553 0
        0 1364 1068 2568 2864 0
        0 326 814 2314 1826 0 
        0 1142 797 2297 2642 0
        0 941 328 1828 2441 0
        0 164 1098 2598 1664 0
        0 1177 94 2677 1594 0
        0 985 1164 2664 2485 0 
        0 906 2406 731 2231 0
        0 1295 63 1563 2795 0
        0 1369 205 2869 1705 0
        0 298 1798 1151 2651 0
        0 615 49 1549 2115 0 
        0 339 769 2269 1839 0
        0 911 169 1669 2411 0
        0 383 1883 421 1921 0 
        0 1074 1485 2985 2574 0
        0 660 2160 442 1942 0
        0 901 2401 83 1583 0
        0 877 2377 50 1550 0
        0 269 1221 1769 2721 0
        0 1077 711 2577 2211 0 
        0 1475 491 1991 2975 0
        0 986 381 1881 2486 0
        0 158 647 1658 2147 0
        0 1038 2538 188 1688 0
        0 1183 1236 2683 2736 0 
        0 972 1123 2623 2472 0
        0 395 795 2295 1895 0
        0 15 1515 720 2220 0
        0 359 1859 1009 2509 0 
        0 1233 391 1891 2733 0
        0 430 856 698 2356 2198 1083 2583 1930 0 
        0 1289 1087 2587 2789 0
        0 1268 59 2768 1559 0
        0 1109 1044 2544 2609 0
        0 24 306 1806 1524 0 
        0 642 943 2443 2142 0
        0 1184 794 2684 2294 0
        0 996 870 2370 2496 0 
        0 497 918 2418 1997 0
        0 945 488 1988 2445 0
        0 591 2091 76 1576 0
        0 638 2138 1310 2810 0 
        0 677 1287 2787 2177 0 
        0 1483 36 1536 2983 0
        0 178 1102 2602 1678 0
        0 910 2410 947 2447 0
        0 820 872 2372 2320 0
        0 802 898 1248 2398 2302 2748 400 1900 0
        0 1186 835 2335 2686 0 
        0 1005 921 2421 2505 0
        0 1153 1149 2649 2653 0
        0 879 1108 2608 2379 0
        0 324 1232 578 692 1824 2732 2078 2192 0
        0 450 1950 518 2018 0
        0 30 1162 2662 1530 0
        0 1411 2911 1023 2523 0 
        0 1172 2672 287 1787 0
        0 7 1006 2506 1507 0
        0 1062 606 2106 2562 0
        0 297 1797 525 2025 0
        0 360 643 2143 1860 0
        0 1025 263 1763 2525 0 
        0 1230 2730 981 2481 0
        0 1343 929 2429 2843 0
        0 377 259 1759 1877 0
        0 811 569 2069 2311 0 
        0 299 830 2330 1799 0
        0 1040 894 2394 2540 0
        0 586 767 2086 2267 0
        0 536 866 2366 2036 0 
        0 728 224 179 1420 2228 2920 1679 1724 0
        0 271 1174 1771 2674 0
        0 93 864 1593 2364 0
        0 388 1355 2855 1888 0 
        0 803 713 2213 2303 0 
        0 254 1269 2769 1754 0
        0 1319 2819 616 2116 0
        0 214 206 1706 1714 0
        0 1439 2939 230 1730 0 
        0 61 1297 2797 1561 0
        0 1382 644 2144 2882 0 
        0 487 1987 454 1954 0
        0 95 912 2412 1595 0
        0 473 900 2400 1973 0 
        0 309 457 1957 1809 0
        0 135 401 1635 1901 0 
        0 1444 2944 1046 2546 0
        0 384 1408 1884 2908 0
        0 579 1387 2887 2079 0
        0 520 372 1872 2020 0
        0 965 154 1654 2465 0
        0 1299 2799 990 2490 0 
        0 772 483 1983 2272 0
        0 1438 1489 2989 2938 0
        0 1166 2666 549 2049 0
        0 289 1136 2636 1789 0 
        0 218 1103 1718 2603 0
        0 1091 1360 2860 2591 0
        0 1402 2902 1464 2964 0
        0 674 576 2076 2174 0 
        0 318 397 1897 1818 0
        0 171 1671 630 2130 0
        0 367 215 1715 1867 0
        0 1406 1163 2663 2906 0
        0 1022 1179 2522 2679 0
        0 783 962 2462 2283 0
        0 1121 1498 2998 2621 0 
        0 333 52 1552 1833 0
        0 626 2126 1014 2514 0
        0 116 1616 948 2448 0
        0 1472 557 2057 2972 0
        0 1294 2794 733 2233 0 
        0 556 353 1853 2056 0
        0 1159 1320 2820 2659 0
        0 1336 2836 780 2280 0
        0 481 1981 147 1647 0 
        0 1084 577 17 2584 2077 1517 65 1565 0
        0 245 1128 2628 1745 0
        0 762 96 1596 2262 0
        0 173 185 1685 1673 0
        0 826 2326 1330 2830 0
        0 1045 585 2545 2085 0
        0 1224 952 2452 2724 0
        0 386 1132 2632 1886 0 
        0 1189 162 1662 2689 0
        0 547 978 2478 2047 0
        0 764 1450 2950 2264 0
        0 250 1750 202 1702 0
        0 1474 1385 1215 2885 2715 2974 753 2253 0 
        0 225 976 2476 1725 0
        0 750 1327 2827 2250 0
        0 1122 984 2484 2622 0
        0 1316 740 2240 2816 0 
        0 1432 641 2141 2932 0
        0 307 537 371 1807 2037 1871 1447 2947 0
        0 332 18 1518 1832 0 
        0 779 937 2279 2437 0
        0 370 1870 942 2442 0
        0 516 2016 443 1943 0
        0 337 234 1734 1837 0
        0 68 1105 2605 1568 0 
        0 39 533 2033 1539 0
        0 619 262 1762 2119 0
        0 841 1427 2927 2341 0
        0 209 368 1868 1709 0 
        0 503 2003 1160 2660 0
        0 476 1976 1301 2801 0
        0 327 954 2454 1827 0 
        0 1139 1370 2870 2639 0
        0 1041 2541 466 1966 0
        0 1115 1312 2812 2615 0 
        0 1348 1462 2962 2848 0
        0 380 1131 2631 1880 0
        0 789 1391 2891 2289 0
        0 699 184 1684 2199 0
        0 531 1259 2759 2031 0 
        0 322 41 1541 1822 0
        0 709 950 2450 2209 0
        0 346 399 1846 1899 0
        0 1239 133 1633 2739 0 
        0 506 663 2006 2163 0
        0 600 804 2304 2100 0
        0 146 842 2342 1646 0
        0 355 1855 1064 2564 0
        0 563 132 1632 2063 0
        0 463 1271 2771 1963 0
        0 1337 1219 975 2837 2719 283 1783 2475 0 
        0 10 455 1510 1955 0
        0 936 81 1581 2436 0
        0 1322 1484 2984 2822 0
        0 902 1309 2402 2809 0 
        0 793 496 1996 2293 0
        0 350 472 1972 1850 0 
        0 434 44 1544 1934 0
        0 840 1089 2589 2340 0
        0 744 201 1701 2244 0 
        0 308 790 1808 2290 0
        0 104 1604 859 2359 0
        0 1338 2838 272 1772 0
        0 1176 1443 2943 2676 0 
        0 1416 2916 633 2133 0
        0 861 2361 422 1922 0
        0 170 1670 498 1998 0 
        0 653 646 2146 2153 0
        0 517 2017 1134 2634 0
        0 62 358 1858 1562 0
        0 55 1555 544 2044 0 
        0 376 899 2399 1876 0
        0 1148 2648 257 1757 0
        0 507 2007 1465 2965 0
        0 1383 282 2883 1782 0
        0 121 4 1621 1504 0
        0 238 1473 2973 1738 0
        0 127 356 1856 1627 0 
        0 726 285 1785 2226 0
        0 152 1243 2743 1652 0
        0 204 1171 1704 2671 0
        0 928 873 2373 2428 0 
        0 1137 490 2637 1990 0
        0 999 2499 1377 2877 0
        0 1190 2690 166 1666 0 
        0 66 1566 1200 2700 0
        0 1270 2770 288 1788 0
        0 1354 668 2168 2854 0 
        0 1400 2900 199 1699 0 
        0 923 2423 1255 2755 0 
        0 919 1119 2619 2419 0
        0 1032 724 2224 2532 0
        0 100 60 1560 1600 0
        0 341 1211 2711 1841 0
        0 545 1024 2524 2045 0 
        0 722 2222 695 2195 0
        0 846 2346 89 1589 0
        0 1146 261 2646 1761 0
        0 113 114 1613 1288 2788 1614 1070 2570 0 
        0 1256 1335 2835 2756 0
        0 1253 751 2251 2753 0 
        0 983 776 2276 2483 0
        0 14 1058 2558 1514 0
        0 405 1905 597 2097 0
        0 734 343 1843 2234 0 
        0 45 1214 2714 1545 0
        0 1078 420 90 1466 2578 1920 1590 2966 0
        0 1366 369 1869 2866 0 
        0 1127 191 1691 2627 0
        0 40 418 1918 1540 0
        0 1028 1124 926 2624 2426 2528 363 1863 0 
        0 905 2405 2 1502 0
        0 566 187 1687 2066 0
        0 444 961 1944 2461 0
        0 323 1823 174 1674 0
        0 251 553 2053 1751 0
        0 664 1035 2535 2164 0 
        0 207 1707 609 2109 0
        0 1246 276 1776 2746 0
        0 1004 1218 2718 2504 0 
        0 1445 741 2241 2945 0
        0 581 1264 2764 2081 0
        0 849 1039 2539 2349 0
        0 1497 2997 349 1849 0
        0 684 1340 2840 2184 0 
        0 683 624 2124 2183 0
        0 1480 139 1639 2980 0
        0 486 917 2417 1986 0
        0 1037 1250 2750 2537 0
        0 228 787 2287 1728 0
        0 590 2090 1373 2873 0
        0 469 1969 1394 1244 2894 2744 614 2114 0 
        0 221 1011 2511 1721 0
        0 540 605 2040 2105 0
        0 756 2256 1235 2735 0
        0 275 1155 2655 1775 0
        0 944 843 2343 2444 0
        0 721 1478 2978 2221 0 
        0 101 1601 1182 2682 0
        0 868 163 1663 2368 0
        0 807 1277 2777 2307 0
        0 186 1257 1686 2757 0
        0 64 655 2155 1564 0
        0 1429 419 1919 2929 0 
        0 220 1720 424 1924 0
        0 1311 2811 671 2171 0
        0 1282 1455 2955 2782 0
        0 305 725 2225 1805 0
        0 891 77 1577 244 538 2038 2391 1744 0 
        0 634 2134 284 1784 0
        0 998 596 2096 2498 0
        0 1392 2892 710 2210 0
        0 223 1723 960 2460 0
        0 452 761 2261 1952 0
        0 229 1729 968 2468 0
        0 955 477 1977 2455 0 
        0 119 1492 2992 1619 0
        0 433 351 1933 1851 0
        0 1350 815 2315 2850 0
        0 852 2352 621 2121 0 
        0 1434 330 1830 2934 0
        0 737 1493 2993 2237 0 
        0 72 300 1800 1572 0
        0 1205 798 2298 2705 0
        0 665 887 2387 2165 0 
        0 255 1755 1114 2614 0
        0 1315 329 1829 416 1916 2815 594 2094 0
        0 509 252 1752 2009 0
        0 871 703 2371 2203 0
        0 1260 994 1446 528 2760 2494 2946 2028 0
        0 1305 2805 857 2357 0
        0 427 828 1927 2328 0
        0 1468 588 2968 2088 0 
        0 1209 2709 500 2000 0
        0 1216 1358 2858 2716 0
        0 335 768 2268 1835 0 
        0 176 816 1676 2316 0
        0 1133 1339 2839 2633 0
        0 587 1274 2774 2087 0 
        0 1053 1273 2773 2553 0
        0 1371 1341 2871 2841 0
        0 1275 570 2070 2775 0
        0 1351 2851 504 2004 0 
        0 270 1300 2800 1770 0
        0 1378 855 2355 2878 0
        0 316 1227 2727 1816 0
        0 672 1331 2831 2172 0
        0 1167 2667 640 2140 0
        0 1185 281 1781 2685 0 
        0 580 979 2479 2080 0 
        0 1196 2696 344 1844 0
        0 126 819 2319 1626 0
        0 694 2194 280 1780 0
        0 1059 1477 2977 2559 0 
        0 974 1021 2521 2474 0
        0 874 2374 379 1879 0
        0 637 1080 2580 2137 0 
        0 1201 631 2701 2131 0
        0 1323 494 1994 2823 0
        0 484 1296 2796 1984 0
        0 1425 2925 438 1938 0
        0 1015 493 1993 2515 0
        0 1100 2600 131 1631 0 
        0 848 1143 2348 2643 0
        0 248 1094 2594 1748 0
        0 292 927 2427 1792 0
        0 1168 165 2668 1665 0
        0 1494 88 1588 2994 0 
        0 236 1187 437 1937 2687 1736 712 2212 0
        0 1048 1368 2868 2548 0
        0 1192 243 1743 2692 0 
        0 748 514 2248 2014 0
        0 475 1206 2706 1975 0
        0 213 1713 462 1962 0
        0 183 1683 111 1611 0 
        0 12 1512 241 1741 0
        0 35 38 1414 153 2914 1535 1653 1538 0
        0 106 1606 461 1961 0
        0 529 478 1978 2029 0 
        0 75 1575 128 1628 0 
        0 1417 1252 2752 2917 0
        0 1088 832 2332 2588 0
        0 730 1293 2793 2230 0 
        0 650 916 2416 2150 0
        0 122 1622 365 1865 0
        0 543 788 2288 2043 0
        0 148 123 1623 1648 0 
        0 610 833 2110 2333 0
        0 1302 1118 2618 2802 0
        0 775 2275 151 1651 0
        0 628 160 1660 2128 0
        0 1413 82 1582 2913 0
        0 611 1263 2763 2111 0
        0 195 1490 1436 1695 2990 935 2435 2936 0 
        0 1424 599 1476 11 2924 2976 2099 1511 0
        0 71 892 2392 1571 0
        0 778 256 1756 2278 0
        0 406 1090 2590 1906 0 
        0 1050 1363 2863 2550 0
        0 625 2125 417 1917 0 
        0 193 1693 523 2023 0
        0 1397 932 2432 2897 0 
        0 1112 2612 1178 2678 0
        0 31 763 1531 2263 0
        0 1491 69 2991 1569 0
        0 465 325 1825 1965 0
        0 1390 718 2890 2218 0 
        0 1169 1138 2638 2669 0
        0 1481 411 1911 2981 0
        0 1099 670 2170 2599 0
        0 1399 2899 729 2229 0
        0 1111 2611 492 1992 0 
        0 1019 2519 258 1758 0
        0 526 602 1066 304 2026 2102 2566 1804 0 
        0 1170 1240 2670 2740 0
        0 770 87 1587 2270 0
        0 618 865 2365 2118 0 
        0 375 880 2380 1875 0
        0 389 689 2189 1889 0
        0 28 829 2329 1528 0
        0 1496 2996 1220 2720 0
        0 743 47 1547 2243 0
        0 908 489 1989 2408 0 
        0 562 1262 2762 2062 0
        0 194 1075 2575 1694 0
        0 648 1426 2926 2148 0 
        0 319 1237 108 1608 2737 474 1819 1974 0
        0 752 2252 1181 2681 0
        0 1430 1208 2708 2930 0
        0 620 2120 771 2271 0 
        0 415 1915 661 2161 0
        0 34 140 1534 1640 0
        0 1036 1029 2529 2536 0
        0 1116 512 2012 2616 0 
        0 1482 320 1820 2982 0
        0 558 1027 2527 2058 0
        0 938 1030 2530 2438 0
        0 410 97 1597 1910 0 
        0 678 706 2206 2178 0 
        0 459 1959 573 2073 0
        0 161 1661 197 1697 0
        0 608 593 2093 2108 0 
        0 884 888 2388 2384 0
        0 854 499 1000 226 2354 1726 2500 1999 0 
        0 534 554 2054 2034 0
        0 659 822 2322 2159 0
        0 836 2336 1374 2874 0 
        0 1203 2703 1463 2963 0
        0 21 964 1395 691 1521 2464 2895 2191 0 
        0 1113 1092 2592 2613 0
        0 1292 652 2152 2792 0
        0 311 707 2207 1811 0
        0 1500 1276 2776 3000 0 
        0 1069 736 2569 2236 0 
        0 796 2296 1031 2531 0
        0 839 212 1712 2339 0
        0 1357 2857 571 2071 0
        0 1026 296 1796 2526 0 
        0 755 1093 2593 2255 0
        0 617 654 2154 2117 0
        0 235 1735 124 1624 0 
        0 196 754 1696 2254 0
        0 1141 84 1584 2641 0
        0 423 27 1923 1527 0 
        0 1486 589 2089 2986 0
        0 766 2266 1020 2520 0
        0 969 658 2158 2469 0
        0 1097 1175 2675 2597 0 
        0 885 881 2381 2385 0 
        0 246 623 2123 1746 0
        0 33 352 1852 1533 0
        0 914 732 2232 2414 0
        0 13 1286 2786 1513 0
        0 390 1890 612 2112 0 
        0 9 982 1509 2482 0
        0 1290 3 1503 2790 0
        0 679 446 1946 2179 0 
        0 1359 708 2208 2859 0
        0 827 1344 2844 2327 0
        0 159 738 2238 1659 0
        0 519 2019 1226 2726 0
        0 436 1936 1415 2915 0
        0 1313 2813 398 1898 0 
        0 301 1801 1258 2758 0
        0 303 115 1615 1803 0
        0 853 1433 2933 2353 0
        0 1140 1379 2879 2640 0 
        0 930 2430 1001 2501 0
        0 656 2156 92 1592 0
        0 735 622 2122 2235 0
        0 799 847 2347 2299 0
        0 1362 993 2493 2862 0 
        0 425 141 1641 1925 0
        0 875 1428 2928 2375 0
        0 200 1700 1120 2620 0
        0 1405 970 2470 2905 0
        0 940 2440 513 2013 0
        0 1342 1213 2713 2842 0 
        0 977 2477 693 2193 0
        0 412 1912 407 1907 0
        0 1448 408 1908 2948 0
        0 1412 1461 2961 2912 0 
        0 1326 29 1529 2826 0
        0 1222 2722 143 1643 0
        0 314 1814 394 1894 0
        0 702 2202 1453 2953 0
        0 149 73 1573 1649 393 1893 791 2291 0 
        0 479 1979 279 1779 0
        0 208 1708 233 1733 0
        0 1280 2780 667 2167 70 1570 1361 2861 0
        0 110 1225 2725 1610 0 
        0 1345 1393 2893 2845 0
        0 458 1958 1321 2821 0
        0 1204 575 2075 2704 0
        0 1073 1409 2909 2573 0
        0 1328 2828 967 2467 0
        0 1051 669 2551 2169 0 
        0 535 2035 1325 2825 0
        0 502 2002 364 1864 0 
        0 501 2001 1261 2761 933 2433 559 2059 0
        0 686 2186 249 1749 0
        0 428 150 1650 1928 0
        0 23 1523 627 2127 0 
        0 858 2358 739 2239 0
        0 1435 290 1790 2935 0
        0 57 1557 374 1874 0
        0 515 2015 1060 2560 0 
        0 685 1487 2987 2185 0
        0 825 2325 1095 2595 0
        0 1107 2607 551 2051 0
        0 264 1764 1061 2561 0
        0 604 2104 1460 2960 0
        0 817 2317 882 2382 0
        0 601 2101 1457 2957 0 
        0 946 2446 1165 2665 0
        0 765 277 1777 2265 0
        0 1055 2555 43 1543 0
        0 784 2284 1180 2680 0
        0 155 1655 1016 2516 0 
        0 1188 2688 810 2310 0
        0 719 895 2395 2219 0
        0 441 1941 773 2273 0
        0 445 1945 812 2312 0 
        0 568 460 1960 2068 0 
        0 505 2005 1191 2691 0
        0 1367 2867 980 2480 0
        0 781 2281 742 2242 0
        0 451 1951 1467 2967 0
        0 1013 1173 2673 2513 0
        0 86 995 2495 1586 0
        0 1 1501 1254 387 1887 2754 1376 2876 0 
        0 1147 2647 845 2345 0
        0 1304 2804 782 2282 0
        0 662 2162 886 2386 0
        0 813 1018 2518 2313 0
        0 896 2396 1347 2847 0 
        0 992 2492 156 1656 0
        0 838 192 1692 2338 1421 2921 850 2350 0
        0 1241 2741 180 1680 0 
        0 521 2021 971 2471 0
        0 1440 2940 1410 2910 0
        0 1386 1499 2999 903 1454 2954 2403 548 2048 818 2886 2318 0 
        0 1034 2534 181 1681 0
        0 806 2306 435 1307 2807 1935 1129 2629 0
        0 1081 2581 801 2301 0
        0 91 1591 949 666 2166 2449 211 1711 0
        0 16 366 1866 1516 715 2215 1135 2635 0 
        0 1423 2923 1352 966 2466 2852 1470 2970 0
        0 1229 2729 385 837 2337 1885 1396 2896 0 
        0 1459 2959 690 2190 0
        0 1267 2767 431 1931 0
        0 876 2376 98 1598 0
        0 1291 2791 1223 2723 0
        0 530 2030 867 2367 0 
        0 1308 2808 1076 2576 0
        0 760 2260 524 2024 777 2277 345 1845 0
        0 1242 2742 144 1644 0
        0 125 1625 409 560 2060 1909 584 2084 0
        0 598 2098 1247 222 1722 2747 991 2491 0
        0 688 2188 273 1773 0
        0 757 2257 915 2415 0
        0 704 2204 635 2135 0 
        0 1266 2766 883 2383 0
        0 973 2473 294 189 1689 1794 1117 2617 0
        0 714 2214 480 1980 0
        0 1152 2652 1380 727 2227 2880 51 1551 0 
        0 1096 2596 1193 2693 0
        0 137 1637 639 2139 0
        0 471 1971 302 1802 0
        0 1403 2903 805 2305 0 
        0 1234 2734 567 705 2205 2067 541 2041 0
        0 130 613 22 1522 922 2422 957 2457 2113 1630 1007 2507 1471 6 1506 2971 0        
        0 265 1765 696 2196 0
        0 988 2488 546 2046 0
        Atraso:
            O caminhao 12 atrasou para chegar no vertice 1740!
            O caminhao 12 atrasou para chegar no vertice 0!
            O caminhao 44 atrasou para chegar no vertice 675!
            O caminhao 44 atrasou para chegar no vertice 2175!
            O caminhao 44 atrasou para chegar no vertice 0!
            O caminhao 206 atrasou para chegar no vertice 2192!
            O caminhao 320 atrasou para chegar no vertice 283!
            O caminhao 320 atrasou para chegar no vertice 1783!
            O caminhao 320 atrasou para chegar no vertice 2475!
            O caminhao 368 atrasou para chegar no vertice 1070!
            O caminhao 401 atrasou para chegar no vertice 1244!
            O caminhao 401 atrasou para chegar no vertice 2894!
            O caminhao 401 atrasou para chegar no vertice 2744!
            O caminhao 401 atrasou para chegar no vertice 614!
            O caminhao 401 atrasou para chegar no vertice 2114!
            O caminhao 418 atrasou para chegar no vertice 538!
            O caminhao 418 atrasou para chegar no vertice 1744!
            O caminhao 439 atrasou para chegar no vertice 2946!
            O caminhao 439 atrasou para chegar no vertice 2028!
            O caminhao 486 atrasou para chegar no vertice 1538!
            O caminhao 523 atrasou para chegar no vertice 1804!
            O caminhao 536 atrasou para chegar no vertice 1819!
            O caminhao 536 atrasou para chegar no vertice 1974!
            O caminhao 606 atrasou para chegar no vertice 513!
            O caminhao 622 atrasou para chegar no vertice 1321!
            O caminhao 627 atrasou para chegar no vertice 1325!
            O caminhao 673 atrasou para chegar no vertice 1307!
    --------------------------------------------------------
    Melhor solucao
        Caminhoes utilizados: 185
        0 903 2403 988 2488 982 2482 148 1648 101 1601 695 1024 563 2195 2524 2063 713 2213 134 1634 470 1970 217 1717 0
        0 479 264 1979 1764 1021 528 2028 2521 984 2484 1014 2514 1375 2875 20 1520 0     
        0 502 2002 501 2001 1351 570 2070 2851 173 1330 1673 2830 673 2173 1002 2502 0    
        0 1096 2596 161 829 1661 2329 45 999 1545 2499 1475 1310 2810 2975 1052 2552 0 
        0 364 1864 1261 2761 1275 504 2775 2004 826 2326 185 1685 403 1903 747 2247 0     
        0 782 2282 853 35 2353 1535 77 1577 789 135 2289 1635 860 2360 485 1985 0
        0 584 2084 1292 2792 411 664 1911 2164 544 2044 1232 2732 1369 2869 939 2439 0 
        0 1147 2647 1140 2640 241 1741 634 2134 380 1880 1444 2944 989 2489 1298 2798 0   
        0 390 1890 1386 2886 610 2110 721 2221 463 1963 1355 2855 293 1793 1317 2817 0    
        0 639 2139 459 1220 1959 2720 1214 2714 1377 2877 986 2486 76 1576 1003 2503 0 
        0 1342 773 2842 2273 927 2427 330 1830 39 1539 1360 2860 808 2308 468 1968 0      
        0 1061 2561 279 1779 974 1260 2474 2760 1122 2622 626 2126 583 2083 863 2363 0 
        0 722 545 2045 2222 0
        0 1229 2729 1141 2641 256 1756 486 1986 744 2244 1343 2843 1356 2856 907 2407 0   
        0 1213 441 1941 2713 292 1792 1434 2934 533 2033 1091 2591 1156 2656 1318 2818 0  
        0 1396 2896 754 2254 1090 1480 2590 2980 790 2290 981 2481 774 2274 373 1873 0 
        0 548 2048 9 1509 123 1623 1182 2682 132 1632 803 2303 1161 2661 1365 2865 0      
        0 208 1107 1708 2607 1477 857 2357 2977 116 1327 1616 2827 129 1285 2785 1629 0   
        0 409 1909 652 2152 1481 2981 251 1751 899 2399 578 2078 205 1705 210 1710 0 
        0 393 1893 1193 2693 197 28 1697 1528 379 1879 420 490 1920 1990 333 1833 638 2138 491 1991 1452 2952 80 1580 0 
        0 535 2035 559 2059 1371 270 2871 1770 762 585 2262 2085 32 1532 913 2413 0       
        0 1304 2804 1433 2933 153 1653 538 2038 1391 2891 401 1901 676 2176 310 1810 0    
        0 560 2060 311 1811 1138 2638 1035 2535 55 1555 324 1824 1295 2795 1479 2979 0 
        0 845 2345 1379 2879 12 1512 284 1784 1131 2631 1046 2546 786 2286 645 2145 0     
        0 818 2318 612 2112 833 2333 1478 2978 1271 2771 388 1888 404 1904 1054 2554 0 
        0 137 1637 1496 573 2073 2996 734 2234 166 1666 591 2091 381 1881 456 1956 0 
        0 693 2193 719 2219 737 1094 2594 2237 68 1568 1402 2902 824 2324 99 1599 0       
        0 1380 2880 593 2093 389 1889 1137 90 1590 2637 1077 1287 2787 2577 240 1740 0 
        0 546 2046 620 2120 771 2271 1211 2711 89 1589 430 1083 1930 2583 890 2390 0      
        0 1352 2852 27 1527 71 1571 1037 2537 840 2340 259 1759 448 1948 716 2216 0 
        0 940 2440 812 2312 165 621 2121 1665 218 619 2119 46 1718 1546 1442 2942 0 
        0 385 1885 196 1696 406 1906 139 1639 308 1808 1230 2730 1372 2872 629 2129 0     
        0 1454 2954 3 1503 543 2043 163 1663 355 1855 1269 2769 42 1542 1279 2779 0 
        0 551 2051 233 1733 1059 1305 2559 2805 750 2250 948 2448 260 1760 959 2459 0     
        0 598 2098 1092 1099 2592 2599 553 2053 376 1876 1108 2608 298 1798 564 2064 0 
        0 1460 2960 1446 2946 1316 2816 67 1567 0
        0 1325 933 2825 2433 1300 1341 2841 1045 2800 96 1596 2545 392 1892 1197 2697 0 
        0 886 2386 303 1803 1414 2914 244 1744 184 1684 457 1957 168 1668 464 1964 0 
        0 125 1625 707 2207 1169 2669 207 1707 358 1858 692 2192 63 1563 1065 2565 0 
        0 1254 2754 1001 2501 111 1611 998 2498 1348 2848 384 1884 834 25 1525 2334 0 
        0 895 977 2477 13 2395 1513 1118 2618 248 1748 1493 2993 1105 2605 93 1464 2964 1593 1381 1404 2904 2881 987 2487 0
        0 302 1802 678 47 1547 2178 1190 343 2690 1843 158 488 1988 1658 1249 2749 0      
        0 265 1765 1430 661 2161 846 2930 341 2346 1841 856 2356 1087 2587 107 1607 0 
        0 51 1551 608 689 2189 2108 1078 873 2578 2373 711 677 2177 2211 953 2453 0 
        0 513 445 2013 1945 1168 2668 852 2352 1103 262 1762 2603 572 2072 109 1609 0     
        0 423 1470 2970 1923 892 2392 1250 2750 1089 377 2589 1877 103 1603 657 2157 0 
        0 1499 2999 181 1681 1290 2790 788 2288 944 868 2368 2444 1337 1064 2564 2837 254 1754 182 1682 1217 2717 1228 2728 0
        0 690 2190 124 1624 1050 2550 624 2124 104 1604 263 1763 920 2420 354 1854 0 
        0 222 1722 1113 2613 670 2170 174 1674 1148 2648 879 2379 1151 2651 1389 2889 0   
        0 825 2325 667 2167 427 280 1927 1780 225 557 2057 1725 909 2409 1210 2710 0 
        0 1051 686 2551 2186 1378 1273 2773 2878 245 952 1745 2452 723 2223 878 2378 0    
        0 791 2291 604 2104 874 994 2494 2374 740 2240 52 1552 1057 1079 2579 2557 0 
        0 1242 2742 1500 1390 3000 2890 609 2109 450 1950 906 2406 565 2065 0
        0 662 2162 115 1615 38 891 1538 2391 699 2199 309 1809 527 2027 963 2463 0 
        0 1440 2940 122 446 1946 1622 807 2307 842 2342 616 2116 48 1548 357 1857 0       
        0 930 2430 1376 2876 183 1683 596 2096 1462 2962 1408 2908 1144 2644 522 2022 0 
        0 412 1912 810 2310 848 2348 300 1800 234 1734 576 2076 1407 2907 511 2011 0      
        0 471 1971 706 743 2206 2243 597 1200 2097 2700 945 2445 647 2147 58 1558 0       
        0 696 2196 415 1208 2708 1915 100 261 1761 1600 698 2198 1289 2789 1082 2582 0    
        0 727 2227 884 375 2384 1875 928 1466 2966 2428 1483 269 1769 2983 348 1848 0 
        0 1405 460 1960 2905 88 1588 815 2315 841 289 1789 2341 361 232 1732 1861 0 
        0 966 2466 1486 2986 11 1511 434 787 2287 1934 569 2069 862 2362 951 2451 0 
        0 1034 2534 1286 2786 1302 2802 843 2343 1219 2719 864 2364 607 2107 675 2175 0 
        0 1459 2959 235 1735 1363 2863 683 2183 859 2359 1025 2525 53 1553 54 1554 0      
        0 21 991 2491 1399 2899 1521 323 1823 257 1757 1153 49 2653 1549 1212 2712 0      
        0 1280 2780 1095 2595 694 828 2328 2194 976 2476 1472 2972 745 2245 278 1778 0 
        0 669 249 1749 2169 1053 855 2553 2355 1224 2724 1128 2628 869 2369 1329 2829 0   
        0 73 882 1573 2382 637 703 2137 2203 1432 2932 1121 2621 1202 2702 467 1967 0 
        0 144 1644 1276 2776 718 2218 62 1562 518 2018 731 2231 717 2217 0 
        0 1018 2518 1258 2758 461 1961 725 2225 1259 2759 900 2400 266 1766 142 1642 0 
        0 1410 2910 679 2179 365 1865 1277 146 2777 1646 1319 2819 792 2292 447 1947 0 
        0 387 1887 656 2156 213 1713 1392 2892 1115 2615 579 2079 682 2182 1272 2772 0 
        0 1188 2688 407 1907 1143 2643 72 1572 337 1837 674 2174 552 2052 286 1786 0 
        0 805 2305 97 489 1989 1597 405 1905 66 1566 497 1038 1997 2538 242 1742 0        
        0 130 1630 752 140 1640 2252 1146 60 2646 1560 1268 391 1891 2768 1398 2898 0 
        0 1152 2652 880 888 2388 2380 369 204 1869 1704 36 1536 1221 2721 510 2010 0 
        0 970 568 2470 2068 1494 1350 2994 2850 1427 2927 1136 2636 402 1902 851 2351 0 
        0 1423 2923 1424 589 2089 2924 228 1728 44 1544 811 2311 136 1636 1154 2654 0     
        0 806 2306 732 2232 151 1651 275 1775 283 1783 271 1771 482 1982 145 1645 0 
        0 431 1931 617 2117 625 2125 684 2184 272 1772 360 1860 1364 2864 1314 2814 0     
        0 1247 2747 691 729 2191 2229 444 1944 507 2007 1149 2649 615 2115 956 2456 0     
        0 1361 2861 685 2185 1468 2968 819 2319 1385 733 2233 2885 595 2095 1419 2919 0   
        0 1328 2828 428 1928 316 1274 2774 1816 1084 1132 2584 2632 1334 2834 267 1767 0 
        0 149 817 1649 2317 871 1080 2371 2580 641 2141 1498 2998 37 1537 934 2434 0      
        0 1069 777 2277 2569 325 1246 1825 2746 517 2017 30 1530 1164 2664 925 2425 0     
        0 301 813 2313 1801 305 106 1606 1805 531 2031 473 1973 1303 2803 274 1774 0 
        0 521 2021 708 2208 916 2416 1257 2757 804 2304 214 1714 1150 2650 26 1526 0      
        0 1 1501 92 1592 462 1962 710 2210 1312 2812 1387 2887 1008 2508 1207 2707 0 
        0 155 1655 408 1908 131 1205 2705 1631 443 1943 397 1897 1086 2586 749 2249 0     
        0 410 1403 2903 908 2408 1910 14 288 1514 1788 188 1688 918 2418 893 2393 0 
        0 1007 2507 34 1534 1181 2681 1288 2788 1032 2532 1233 59 1559 2733 1056 2556 0 
        0 714 2214 226 1726 865 2365 1366 1171 2866 2671 1102 877 2377 2602 897 2397 0    
        0 200 1700 1191 2691 1187 351 1851 2687 368 1868 1166 2666 198 1698 831 2331 0 
        0 715 2215 766 2266 1476 2976 590 2090 350 1850 299 1799 687 2187 1437 2937 0     
        0 1307 2807 914 2414 775 2275 1155 2655 975 2475 1174 2674 1384 2884 253 1753 0 
        0 1267 2767 654 2154 417 1917 1340 2840 1338 2838 643 2143 1068 2568 1469 2969 0 
        0 688 2188 964 2464 1111 2611 961 2461 1465 2965 1005 2505 339 1839 1071 2571 0 
        0 70 1570 1487 2987 126 588 2088 1626 1294 753 2794 2253 1199 1126 2699 2626 0    
        0 150 967 1650 2467 587 1227 2087 2727 577 2077 386 1886 321 1821 1067 2567 0 
        0 601 2101 702 2202 509 2009 631 2131 537 2037 962 2462 681 2181 1043 2543 0      
        0 345 1845 736 2236 465 1965 276 1776 1134 2634 1162 2662 985 2485 561 2061 0     
        0 1347 2847 398 1898 478 1978 1455 2955 41 95 1541 1595 809 414 1914 2309 0       
        0 971 2471 1359 650 2859 2150 186 1686 600 2100 206 1706 1145 2645 1194 2694 0 
        0 86 1586 622 2122 1206 2706 960 2460 466 1966 372 1872 1195 2695 19 1519 0       
        0 1016 2516 1448 2948 1100 2600 798 2298 516 2016 318 1818 291 1791 315 1815 0 
        0 1234 2734 562 1030 2530 2062 1058 1270 2770 2558 870 2370 1236 2736 85 1585 0   
        0 6 1506 1029 474 2529 1974 724 1070 2570 2224 1109 1009 2509 2609 582 2082 0 
        0 480 1980 1000 618 2500 2118 1127 152 2627 1652 178 1678 50 1550 112 1612 0 
        0 505 2005 1120 2620 236 433 1736 1933 209 1709 549 2049 958 2458 1324 2824 0     
        0 1135 2635 1020 2520 599 2099 1373 2873 472 1972 830 2330 342 1842 649 2149 0 
        0 1129 2629 33 1533 160 1660 756 2256 10 728 1510 1033 2228 2533 1017 2517 0      
        0 876 2376 755 2255 193 1693 349 1849 1443 2943 525 2025 814 2314 997 2497 0      
        0 273 1773 1395 2895 492 1992 187 282 1687 1782 921 2421 769 2269 1349 2849 0 
        0 1225 2725 515 2015 1196 2696 1209 2709 1215 2715 353 1853 1072 2572 1422 2922 0 
        0 23 1073 1523 2573 1133 672 2172 2633 1189 65 1565 2689 1333 2833 1049 2549 0    
        0 1457 1453 2957 2953 1201 2701 252 1752 783 371 2283 1871 237 1737 1063 2563 0 
        0 760 2260 69 1031 2531 1569 1004 2504 646 2146 1411 2911 1177 2677 413 1913 0    
        0 1313 2813 529 2029 550 912 2412 2050 0
        0 180 1680 1344 2844 730 2230 64 1564 663 2163 117 1439 2939 1617 1130 2630 0 
        0 995 735 2495 2235 475 1975 223 1723 1041 2541 931 520 2020 2431 651 2151 0 
        0 1412 1180 2680 2912 493 1993 887 2387 370 1870 630 2130 1418 2918 636 2136 0    
        0 705 2205 938 1262 2438 2762 983 2483 668 2168 996 1183 2683 2496 746 2246 0 
        0 922 2422 1036 1237 2536 2737 113 1613 1119 2619 1044 2544 359 1859 495 1995 0   
        0 294 1794 499 770 1999 2270 191 1243 1691 2743 947 2447 83 1583 1265 2765 0 
        0 980 875 2480 2375 712 1492 2992 2212 503 2003 1489 2989 1110 2610 312 1812 0 
        0 896 2396 469 969 366 1866 2469 935 2435 1282 1969 2782 322 496 1996 1822 1040 2540 56 1556 1104 2604 1284 2784 0 
        0 435 1935 352 1852 628 2128 1235 2735 455 1955 224 1724 904 2404 758 2258 0 
        0 98 1598 1093 2593 523 2023 1497 2997 1176 2676 297 1797 326 1826 1012 2512 0    
        0 915 2415 1203 2703 1019 2519 1383 566 2066 2883 1186 2686 911 2411 295 1795 0 
        0 110 1610 1060 2560 344 500 2000 1474 1844 556 2056 1488 2974 2988 426 1926 0 
        0 1409 627 2909 2127 1331 1339 2839 2831 17 162 1517 1662 378 1878 592 2092 0     
        0 946 2446 394 1894 1323 329 1829 2823 1022 1447 2522 2947 239 1739 1231 2731 0 
        0 524 2024 1491 796 2296 2991 653 1218 2718 2153 1023 2523 94 1594 396 1896 0 
        0 16 1516 658 2158 1436 2936 1244 2744 793 2293 175 894 2394 1675 120 1620 0      
        0 1241 2741 827 2327 1293 2793 506 655 2155 2006 230 1730 1441 2941 603 2103 0 
        0 1013 2513 799 2299 748 2248 761 2261 1139 2639 965 2465 231 1731 574 2074 0     
        0 784 2284 1461 2961 1015 665 2165 2515 942 2442 171 1671 697 2197 759 2259 0 
        0 541 2041 558 194 1694 2058 1354 776 2276 2854 1184 2684 1123 2623 219 1719 0 
        0 1367 2867 22 1522 1428 2928 437 1937 119 1619 919 114 1614 2419 1160 1438 2660 2938 821 2321 700 2200 1281 2781 0
        0 1117 2617 854 2354 87 1587 40 1540 726 2226 910 2410 901 2401 1495 2995 0 
        0 1081 2581 246 1746 82 1582 605 2105 81 1581 1420 2920 1245 2745 382 1882 0 
        0 992 2492 436 1936 75 1575 671 2171 709 2209 454 1954 823 2323 800 2300 0 
        0 757 2257 1463 2963 258 1758 2 4 1502 1504 835 2335 169 1669 362 1862 0
        0 1223 2723 296 1796 932 2432 849 2349 633 2133 1062 2562 1142 2642 1157 2657 0 
        0 1204 858 2704 2358 176 1167 1676 2667 978 2478 147 1647 453 1953 172 1672 0 
        0 1393 374 2893 1874 580 2080 1358 2858 250 1159 2659 1750 1106 2606 1278 2778 0 
        0 1308 2808 31 839 2339 1531 741 2241 498 1998 287 1787 164 1664 138 1638 0       
        0 314 1165 1814 2665 1315 2815 494 1994 307 1807 1179 2679 449 1949 334 1834 0 
        0 1421 2921 159 1659 1088 2588 419 1919 1239 2739 61 1561 1458 2958 102 1602 0 
        0 949 2449 1175 2675 1490 2990 1394 2894 902 2402 767 2267 1346 2846 539 2039 0   
        0 635 2135 43 1543 1374 1066 2874 2566 1114 779 2614 121 905 1621 2405 2279 898 2398 421 1921 268 1768 331 1831 0
        0 1173 2673 847 2347 452 514 2014 1952 1370 2870 154 1654 532 2032 1085 2585 0    
        0 1116 108 1608 2616 15 306 1806 1515 0
        0 567 2067 1075 1027 2527 2575 1253 2753 1400 2900 972 2472 794 2294 508 2008 0 
        0 781 2281 425 1925 1368 477 2868 1977 1301 2801 483 1983 177 1677 190 1690 0     
        0 189 1689 1170 534 2034 2670 418 1918 285 1785 820 2320 442 1942 1332 2832 0 
        0 801 2301 623 2123 1413 540 2913 936 2040 2436 179 1679 338 1838 247 1747 0      
        0 156 1656 1415 2915 128 1628 1311 2811 950 2450 487 1987 542 2042 1306 2806 0 
        0 704 2204 1326 2826 836 602 2336 2102 438 1938 363 1863 238 1738 367 1867 802 383 2302 1883 167 1667 313 1813 0
        0 1291 2791 1397 1026 2526 2897 1039 2539 1416 2916 606 2106 797 2297 1101 2601 0 
        0 739 575 2239 2075 816 2316 640 2140 547 2047 481 1981 1449 2949 347 1847 0 
        0 57 1557 1345 2845 979 1216 2716 2479 202 1702 1320 2820 1238 632 2132 2738 0    
        0 1076 2576 763 212 1712 2263 1445 2945 170 1670 1172 2672 1098 2598 78 1578 0    
        0 277 143 1777 1643 484 1984 594 2094 332 1832 1163 2663 1158 317 1817 2658 0 
        0 1055 2555 850 2350 738 2238 832 2332 255 1755 937 1429 2929 133 1633 2437 1297 2797 889 2389 1451 2951 440 1940 0 
        0 211 1711 1097 2597 195 1695 614 2114 1309 2809 586 2086 429 1929 203 1703 0     
        0 1471 2971 319 1819 512 2012 1335 1255 2755 2835 24 1524 720 2220 79 1579 0 
        0 451 1951 1362 2862 1192 2692 229 1729 954 2454 1299 2799 701 2201 227 1727 0    
        0 742 2242 141 1641 955 1048 2548 2455 476 1976 772 2272 336 1836 1042 2542 0     
        0 1482 957 2457 1426 2926 2982 751 2251 199 1699 943 2443 795 2295 680 2180 0 
        0 91 1591 881 2381 1263 2763 221 1721 1322 2822 866 2366 8 1508 1125 2625 0       
        0 973 2473 554 2054 1240 2740 926 127 2426 1627 872 2372 660 2160 555 2055 0 
        0 883 2383 526 659 2159 2026 1028 2528 1473 2973 400 1900 1485 2985 1198 2698 0   
        0 838 2338 519 1417 2019 2917 424 1924 399 1899 644 2144 844 2344 1401 2901 0 
        0 458 1958 290 1790 335 281 1781 1835 1450 2950 1336 2836 340 1840 105 1605 0     
        0 867 2367 571 2071 1112 2612 861 1264 2764 2361 7 1507 328 1828 785 2285 0 
        0 530 2030 1357 2857 1178 2678 581 2081 422 1922 1006 2506 941 2441 439 1939 0    
        0 1321 1435 2821 2935 1185 768 2268 2685 764 2264 780 2280 924 5 1505 2424 0      
        0 192 1692 1226 2726 1252 2752 220 1720 346 1846 1382 2882 118 1618 1388 2888 0 
        0 1222 765 2722 2265 1296 416 1916 2796 18 1518 1406 2906 432 1932 74 1574 0      
        0 1266 2766 29 1529 822 2322 304 1425 1804 2925 1124 2624 356 1856 215 1715 1248 2748 1074 2574 1251 2751 216 1716 0
        0 666 2166 885 2385 611 2111 1011 2511 1484 2984 536 2036 1353 2853 1431 2931 0   
        0 613 2113 320 1820 648 2148 1256 2756 923 2423 642 2142 395 1895 1010 2510 0 
        0 1467 2967 993 2493 243 1743 968 2468 327 1827 990 2490 1283 2783 157 1657 0 
        0 837 2337 84 1584 778 2278 917 2417 201 1701 1047 929 2429 2547 1456 2956 0 
        Atrasos:
            O caminhao 2 atrasou para chegar no vertice 501!
            O caminhao 40 atrasou para chegar no vertice 2395!
            O caminhao 81 atrasou para chegar no vertice 819!
            O caminhao 81 atrasou para chegar no vertice 2319!
            O caminhao 97 atrasou para chegar no vertice 1487!
            O caminhao 99 atrasou para chegar no vertice 631!
            O caminhao 125 atrasou para chegar no vertice 1969!
            O caminhao 125 atrasou para chegar no vertice 2782!
            O caminhao 125 atrasou para chegar no vertice 322!
            O caminhao 125 atrasou para chegar no vertice 496!
            O caminhao 125 atrasou para chegar no vertice 1996!
            O caminhao 125 atrasou para chegar no vertice 1822!
            O caminhao 125 atrasou para chegar no vertice 1040!
            O caminhao 125 atrasou para chegar no vertice 2540!
            O caminhao 125 atrasou para chegar no vertice 56!
            O caminhao 125 atrasou para chegar no vertice 1556!

Instance ber-n100-3.txt
    Primeira solucao
        Caminhoes utilizados: 18
        0 13 63 25 75 0
        0 12 62 15 65 0 
        0 3 22 53 72 2 47 97 52 0 
        0 14 36 86 64 0 
        0 1 51 23 73 0 
        0 29 79 16 66 0
        0 10 60 45 95 0 
        0 17 27 77 67 0 
        0 40 90 33 83 18 8 58 68 0
        0 48 98 4 54 0 
        0 6 56 38 88 0
        0 50 46 96 11 61 42 92 100 0 
        0 7 57 35 85 0
        0 37 41 87 91 5 43 93 55 0 
        0 9 59 19 24 74 69 30 80 0 
        0 34 84 20 39 89 70 28 78 0
        0 49 99 44 21 71 94 26 76 0
        0 31 81 32 82 0 
    --------------------------------------------------------
    Melhor solucao
        Caminhoes utilizados: 10
        0 32 82 9 30 59 80 11 61 48 98 29 1 51 79 13 63 0 
        0 6 56 38 88 0
        0 49 99 20 70 35 85 43 93 8 27 77 58 2 47 52 97 0 
        0 26 76 46 96 18 68 12 62 0
        0 31 81 42 92 4 54 25 75 0
        0 34 84 37 87 45 36 86 95 0
        0 28 78 41 91 17 67 3 53 0 
        0 39 89 5 55 14 10 60 64 0
        0 19 69 24 74 21 71 7 57 33 83 16 66 23 22 73 72 0
        0 44 94 50 100 40 90 15 65 0

Instance ber-n100-4.txt
    Primeira solucao
        Caminhoes utilizados: 20
        0 5 55 0
        0 32 82 0
        0 24 74 11 61 0 
        0 37 87 10 60 0 
        0 50 30 80 100 21 27 8 58 71 19 69 77 0 
        0 39 89 3 33 53 47 97 83 0 
        0 46 96 15 65 0
        0 43 31 81 93 49 16 99 66 0 
        0 1 51 2 52 0 
        0 6 56 18 68 0
        0 45 35 95 22 85 20 72 70 0
        0 38 88 14 64 0
        0 13 63 48 26 98 76 42 92 0 
        0 41 91 29 34 79 84 0
        0 17 67 0 
        0 40 90 23 73 0 
        0 9 59 4 54 0
        0 25 44 28 75 94 7 57 78 0 
        0 36 86 0
        0 12 62 0 
        Atrasou:
            O caminhao 4 atrasou para chegar no vertice 8!
            O caminhao 4 atrasou para chegar no vertice 58!
            O caminhao 4 atrasou para chegar no vertice 71!
            O caminhao 4 atrasou para chegar no vertice 19!
            O caminhao 4 atrasou para chegar no vertice 69!
            O caminhao 4 atrasou para chegar no vertice 77!
            O caminhao 12 atrasou para chegar no vertice 42!
            O caminhao 12 atrasou para chegar no vertice 92!
    --------------------------------------------------------
    Melhor solucao
        Caminhoes utilizados: 7
        0 41 91 12 48 62 98 18 68 6 56 33 83 8 58 5 55 0 
        0 9 59 28 14 64 78 38 88 49 99 37 27 87 77 0 
        0 13 17 67 63 36 86 1 51 22 72 39 89 19 69 32 82 0 
        0 4 54 43 35 85 93 16 66 7 50 57 100 10 60 0
        0 26 76 23 73 44 94 20 70 2 52 15 65 21 71 11 61 0 
        0 40 90 25 42 75 92 31 81 45 95 46 96 30 24 74 80 0 
        0 34 29 84 79 3 53 47 97 0
        Atrasou:
            O caminhao 4 atrasou para chegar no vertice 44!

